8 0.53125 0.8077889447236181 0.0525 0.08542713567839195
11 0.46875 0.7035175879396985 0.07916666666666666 0.11306532663316583
2 0.5466666666666666 0.5043969849246231 0.07333333333333333 0.0992462311557789
10 0.46625 0.19660804020100503 0.09916666666666667 0.08919597989949749
0 0.5820833333333333 0.8636934673366834 0.060833333333333336 0.26256281407035176
1 0.51 0.375 0.11 0.15954773869346733
9 0.4666666666666667 0.4491206030150754 0.105 0.1670854271356784
3 0.5020833333333333 0.7474874371859297 0.1525 0.2135678391959799
7 0.6016666666666667 0.5954773869346733 0.155 0.10301507537688442
12 0.7770833333333333 0.5609296482412061 0.1625 0.1721105527638191
5 0.61375 0.28957286432160806 0.14083333333333334 0.39321608040201006
4 0.49083333333333334 0.2594221105527638 0.20833333333333334 0.15201005025125627
6 0.32875 0.5590452261306532 0.16416666666666666 0.30904522613065327
