8 0.9683333333333334 0.6193467336683417 0.04833333333333333 0.08542713567839195
11 0.39416666666666667 0.717964824120603 0.08 0.114321608040201
2 0.5925 0.803391959798995 0.07 0.12437185929648241
10 0.66875 0.585427135678392 0.12083333333333333 0.0829145728643216
0 0.5970833333333333 0.5734924623115578 0.1525 0.28015075376884424
1 0.45958333333333334 0.8687185929648241 0.1225 0.15452261306532664
9 0.5125 0.5301507537688442 0.10833333333333334 0.18341708542713567
3 0.5945833333333334 0.30025125628140703 0.0725 0.2914572864321608
7 0.6033333333333334 0.6758793969849246 0.11166666666666666 0.19095477386934673
12 0.60625 0.4164572864321608 0.11583333333333333 0.2198492462311558
5 0.83625 0.6369346733668342 0.23916666666666667 0.25879396984924624
4 0.4708333333333333 0.7914572864321608 0.19666666666666666 0.17587939698492464
6 0.6879166666666666 0.3944723618090452 0.0875 0.31909547738693467
