8 0.4816666666666667 0.48115577889447236 0.03666666666666667 0.07537688442211055
8 0.56 0.16268844221105527 0.04666666666666667 0.08919597989949749
11 0.3025 0.696608040201005 0.08666666666666667 0.11683417085427136
11 0.51875 0.6821608040201005 0.0725 0.12060301507537688
2 0.5070833333333333 0.1407035175879397 0.06416666666666666 0.09547738693467336
2 0.7845833333333333 0.12562814070351758 0.07583333333333334 0.10050251256281408
10 0.7083333333333334 0.6589195979899497 0.058333333333333334 0.14195979899497488
10 0.67 0.8957286432160804 0.1 0.11306532663316583
0 0.4666666666666667 0.6765075376884422 0.1 0.30527638190954776
0 0.475 0.13756281407035176 0.115 0.2600502512562814
1 0.23708333333333334 0.2657035175879397 0.11416666666666667 0.15452261306532664
1 0.7704166666666666 0.589824120603015 0.10416666666666667 0.1670854271356784
9 0.5825 0.6853015075376885 0.08166666666666667 0.1922110552763819
9 0.6695833333333333 0.2694723618090452 0.12583333333333332 0.14698492462311558
3 0.6095833333333334 0.375 0.16916666666666666 0.15452261306532664
3 0.7595833333333334 0.40515075376884424 0.17416666666666666 0.12437185929648241
7 0.37083333333333335 0.2889447236180904 0.065 0.22110552763819097
7 0.4995833333333333 0.2914572864321608 0.1075 0.20351758793969849
12 0.4125 0.4880653266331658 0.11666666666666667 0.23492462311557788
12 0.5620833333333334 0.48115577889447236 0.13083333333333333 0.2236180904522613
5 0.6420833333333333 0.19974874371859297 0.22916666666666666 0.2135678391959799
5 0.41625 0.31721105527638194 0.08083333333333333 0.3957286432160804
4 0.25166666666666665 0.1827889447236181 0.205 0.14698492462311558
4 0.6629166666666667 0.6708542713567839 0.1025 0.3241206030150754
6 0.3383333333333333 0.6193467336683417 0.22 0.1457286432160804
6 0.30791666666666667 0.8599246231155779 0.11583333333333333 0.2776381909547739
