8 0.7204166666666667 0.3869346733668342 0.049166666666666664 0.07035175879396985
11 0.6758333333333333 0.3278894472361809 0.07833333333333334 0.12060301507537688
2 0.71625 0.6048994974874372 0.07916666666666666 0.11683417085427136
10 0.49 0.6105527638190955 0.051666666666666666 0.16080402010050251
0 0.665 0.6306532663316583 0.17 0.2613065326633166
1 0.5466666666666666 0.5923366834170855 0.09666666666666666 0.14698492462311558
9 0.6254166666666666 0.17839195979899497 0.14416666666666667 0.16080402010050251
3 0.3879166666666667 0.6092964824120602 0.0825 0.28391959798994976
7 0.17916666666666667 0.6821608040201005 0.18 0.11055276381909548
12 0.6241666666666666 0.4792713567839196 0.17166666666666666 0.1620603015075377
5 0.455 0.44409547738693467 0.12166666666666667 0.4057788944723618
4 0.52 0.26444723618090454 0.09666666666666666 0.30025125628140703
6 0.6208333333333333 0.3203517587939699 0.14666666666666667 0.21105527638190955
