8 0.36125 0.8875628140703518 0.05416666666666667 0.08668341708542714
8 0.45208333333333334 0.5910804020100503 0.0525 0.09673366834170855
11 0.39625 0.41959798994974873 0.08416666666666667 0.11809045226130653
11 0.6475 0.8837939698492462 0.08 0.11934673366834171
2 0.7979166666666667 0.6105527638190955 0.06416666666666666 0.11557788944723618
10 0.7529166666666667 0.45226130653266333 0.06416666666666666 0.15577889447236182
10 0.8429166666666666 0.6344221105527639 0.0675 0.16080402010050251
0 0.52375 0.7110552763819096 0.09083333333333334 0.314070351758794
1 0.45875 0.7028894472361809 0.1025 0.16959798994974876
1 0.7483333333333333 0.8366834170854272 0.10666666666666667 0.1658291457286432
9 0.5841666666666666 0.4535175879396985 0.12166666666666667 0.1306532663316583
9 0.6458333333333334 0.7368090452261307 0.07 0.17964824120603015
3 0.7575 0.6419597989949749 0.043333333333333335 0.24874371859296482
3 0.5883333333333334 0.7129396984924623 0.06666666666666667 0.26256281407035176
7 0.405 0.8090452261306532 0.06666666666666667 0.2236180904522613
7 0.7145833333333333 0.6124371859296482 0.049166666666666664 0.19974874371859297
12 0.41333333333333333 0.3435929648241206 0.16666666666666666 0.16959798994974876
12 0.61 0.5314070351758794 0.12333333333333334 0.1934673366834171
5 0.6195833333333334 0.625 0.12916666666666668 0.2952261306532663
5 0.5379166666666667 0.6614321608040201 0.10083333333333333 0.4082914572864322
4 0.3575 0.5709798994974874 0.20333333333333334 0.1721105527638191
4 0.7420833333333333 0.23492462311557788 0.10416666666666667 0.3065326633165829
6 0.33666666666666667 0.2613065326633166 0.17166666666666666 0.28391959798994976
6 0.6566666666666666 0.33291457286432163 0.15333333333333332 0.2889447236180904
