8 0.9679166666666666 0.2795226130653266 0.060833333333333336 0.0942211055276382
8 0.7620833333333333 0.7342964824120602 0.06416666666666666 0.09170854271356783
11 0.15791666666666668 0.4792713567839196 0.08583333333333333 0.12939698492462312
11 0.7116666666666667 0.667713567839196 0.08 0.10678391959798995
2 0.85125 0.6582914572864321 0.07083333333333333 0.10804020100502512
2 0.5741666666666667 0.657035175879397 0.056666666666666664 0.10050251256281408
10 0.80625 0.4993718592964824 0.09416666666666666 0.15452261306532664
10 0.7091666666666666 0.8712311557788944 0.07666666666666666 0.1444723618090452
0 0.5420833333333334 0.9265075376884422 0.20916666666666667 0.09673366834170855
0 0.96375 0.47613065326633164 0.07083333333333333 0.2989949748743719
1 0.25708333333333333 0.6306532663316583 0.10416666666666667 0.16834170854271358
1 0.6558333333333334 0.8115577889447236 0.105 0.1708542713567839
9 0.60125 0.5219849246231156 0.1025 0.18467336683417085
9 0.57625 0.8153266331658291 0.0975 0.18090452261306533
3 0.5079166666666667 0.5678391959798995 0.1825 0.12060301507537688
3 0.7395833333333334 0.7770100502512562 0.16583333333333333 0.157035175879397
7 0.50125 0.42839195979899497 0.10083333333333333 0.228643216080402
7 0.4345833333333333 0.8222361809045227 0.09583333333333334 0.22738693467336685
12 0.3333333333333333 0.45414572864321606 0.15333333333333332 0.2198492462311558
12 0.34541666666666665 0.8812814070351759 0.12083333333333333 0.23492462311557788
5 0.7629166666666667 0.3925879396984925 0.17416666666666666 0.3756281407035176
5 0.5758333333333333 0.6865577889447236 0.20666666666666667 0.2550251256281407
4 0.44458333333333333 0.6319095477386935 0.2025 0.1658291457286432
4 0.3425 0.19974874371859297 0.105 0.31909547738693467
6 0.57375 0.19283919597989949 0.16583333333333333 0.28015075376884424
6 0.62625 0.3768844221105528 0.13583333333333333 0.2989949748743719
