8 0.7816666666666666 0.5992462311557789 0.055 0.0728643216080402
8 0.3325 0.2443467336683417 0.07 0.08165829145728644
11 0.6316666666666667 0.6620603015075377 0.08333333333333333 0.11306532663316583
11 0.19125 0.24874371859296482 0.09083333333333334 0.1407035175879397
2 0.8833333333333333 0.8844221105527639 0.09 0.1407035175879397
2 0.7329166666666667 0.7192211055276382 0.07583333333333334 0.11180904522613065
10 0.24791666666666667 0.8015075376884422 0.0775 0.1507537688442211
10 0.6795833333333333 0.4949748743718593 0.050833333333333335 0.09045226130653267
0 0.605 0.21670854271356785 0.08333333333333333 0.33542713567839194
0 0.8104166666666667 0.47550251256281406 0.17083333333333334 0.2399497487437186
1 0.5791666666666667 0.43090452261306533 0.09666666666666666 0.1457286432160804
9 0.41541666666666666 0.6118090452261307 0.12916666666666668 0.14824120603015076
9 0.47041666666666665 0.7229899497487438 0.07916666666666666 0.18216080402010051
3 0.5775 0.8498743718592965 0.055 0.2751256281407035
3 0.43666666666666665 0.8655778894472361 0.06666666666666667 0.2663316582914573
7 0.7283333333333334 0.39321608040201006 0.145 0.10301507537688442
7 0.7254166666666667 0.24120603015075376 0.1525 0.14824120603015076
12 0.50875 0.28831658291457285 0.12083333333333333 0.22487437185929648
12 0.5425 0.7167085427135679 0.125 0.22487437185929648
5 0.6395833333333333 0.4378140703517588 0.0425 0.3655778894472362
5 0.8416666666666667 0.3442211055276382 0.19833333333333333 0.3241206030150754
4 0.43583333333333335 0.5087939698492462 0.21666666666666667 0.1507537688442211
4 0.67375 0.6840452261306532 0.1425 0.3027638190954774
6 0.38333333333333336 0.30904522613065327 0.20833333333333334 0.135678391959799
6 0.775 0.29585427135678394 0.20833333333333334 0.1620603015075377
