8 0.45125 0.4484924623115578 0.060833333333333336 0.09547738693467336
10 0.5533333333333333 0.36055276381909546 0.09333333333333334 0.14321608040201006
0 0.6391666666666667 0.8844221105527639 0.22333333333333333 0.0829145728643216
1 0.55 0.6388190954773869 0.115 0.14949748743718594
9 0.6104166666666667 0.7474874371859297 0.0825 0.18090452261306533
3 0.5525 0.5640703517587939 0.17833333333333334 0.12311557788944724
7 0.8904166666666666 0.7562814070351759 0.19416666666666665 0.11809045226130653
12 0.72625 0.5546482412060302 0.13916666666666666 0.21733668341708542
5 0.5729166666666666 0.4566582914572864 0.25083333333333335 0.30527638190954776
4 0.8275 0.5458542713567839 0.10666666666666667 0.30025125628140703
6 0.375 0.4221105527638191 0.16666666666666666 0.2964824120603015
