8 0.8916666666666667 0.332286432160804 0.06333333333333334 0.08668341708542714
11 0.4479166666666667 0.32160804020100503 0.0925 0.12562814070351758
2 0.59625 0.114321608040201 0.07083333333333333 0.11557788944723618
10 0.6158333333333333 0.7091708542713567 0.10166666666666667 0.11934673366834171
0 0.5533333333333333 0.5628140703517588 0.065 0.3241206030150754
1 0.7870833333333334 0.7983668341708543 0.11083333333333334 0.16959798994974876
9 0.6616666666666666 0.8234924623115578 0.10166666666666667 0.1771356783919598
3 0.74125 0.4001256281407035 0.11416666666666667 0.2600502512562814
7 0.29625 0.699748743718593 0.1975 0.11809045226130653
12 0.3625 0.4937185929648241 0.14166666666666666 0.17336683417085427
5 0.6475 0.4478643216080402 0.07333333333333333 0.41331658291457285
4 0.7058333333333333 0.23555276381909548 0.19833333333333333 0.18969849246231155
6 0.5879166666666666 0.3316582914572864 0.08416666666666667 0.32914572864321606
