8 0.6270833333333333 0.4805276381909548 0.06416666666666666 0.08165829145728644
11 0.39375 0.3655778894472362 0.08583333333333333 0.11306532663316583
2 0.715 0.4472361809045226 0.07166666666666667 0.09798994974874371
10 0.6558333333333334 0.396356783919598 0.09833333333333333 0.11934673366834171
0 0.7591666666666667 0.8580402010050251 0.175 0.26884422110552764
1 0.5279166666666667 0.20037688442211055 0.11916666666666667 0.1721105527638191
9 0.53375 0.36746231155778897 0.1225 0.16457286432160803
3 0.44 0.7989949748743719 0.19 0.15829145728643215
7 0.6204166666666666 0.5653266331658291 0.14083333333333334 0.18090452261306533
12 0.45708333333333334 0.6865577889447236 0.13583333333333333 0.21231155778894473
5 0.7591666666666667 0.5081658291457286 0.11333333333333333 0.4007537688442211
4 0.37916666666666665 0.33479899497487436 0.19333333333333333 0.2449748743718593
6 0.39958333333333335 0.14886934673366833 0.2125 0.1721105527638191
