8 0.25708333333333333 0.05339195979899498 0.0725 0.0942211055276382
11 0.7916666666666666 0.592964824120603 0.07166666666666667 0.10552763819095477
2 0.67375 0.6564070351758794 0.06916666666666667 0.11683417085427136
10 0.48375 0.792713567839196 0.10583333333333333 0.10050251256281408
0 0.8254166666666667 0.5508793969849246 0.08916666666666667 0.32537688442211055
1 0.51375 0.5697236180904522 0.09916666666666667 0.1721105527638191
9 0.595 0.628140703517588 0.11666666666666667 0.1407035175879397
3 0.6166666666666667 0.7317839195979899 0.17666666666666667 0.06909547738693467
7 0.7370833333333333 0.7211055276381909 0.1025 0.22110552763819097
12 0.4766666666666667 0.46042713567839194 0.13833333333333334 0.20979899497487436
5 0.6704166666666667 0.5194723618090452 0.2825 0.07160804020100503
4 0.22041666666666668 0.4635678391959799 0.16583333333333333 0.26884422110552764
6 0.8125 0.36809045226130654 0.115 0.3015075376884422
