8 0.55875 0.6488693467336684 0.0525 0.07914572864321608
11 0.6479166666666667 0.8278894472361809 0.09416666666666666 0.11809045226130653
2 0.5045833333333334 0.35804020100502515 0.07416666666666667 0.10804020100502512
10 0.7608333333333334 0.8668341708542714 0.095 0.1708542713567839
0 0.64375 0.4780150753768844 0.16416666666666666 0.27261306532663315
1 0.765 0.2613065326633166 0.10333333333333333 0.1708542713567839
9 0.6670833333333334 0.6853015075376885 0.08416666666666667 0.19472361809045227
3 0.8691666666666666 0.47738693467336685 0.205 0.09547738693467336
7 0.5241666666666667 0.4585427135678392 0.11166666666666666 0.20854271356783918
12 0.8545833333333334 0.3065326633165829 0.13583333333333333 0.2236180904522613
5 0.5295833333333333 0.7380653266331658 0.2175 0.2701005025125628
4 0.7054166666666667 0.3297738693467337 0.20083333333333334 0.18216080402010051
6 0.5454166666666667 0.5841708542713567 0.19916666666666666 0.24371859296482412
