8 0.6641666666666667 0.8988693467336684 0.06833333333333333 0.0942211055276382
11 0.7395833333333334 0.6457286432160804 0.07416666666666667 0.12311557788944724
2 0.7341666666666666 0.5314070351758794 0.07 0.09296482412060302
10 0.8408333333333333 0.707286432160804 0.08833333333333333 0.16834170854271358
0 0.49416666666666664 0.39384422110552764 0.09833333333333333 0.3103015075376884
1 0.7808333333333334 0.24874371859296482 0.11833333333333333 0.16834170854271358
9 0.675 0.5138190954773869 0.09833333333333333 0.17336683417085427
3 0.5279166666666667 0.7267587939698492 0.14916666666666667 0.22487437185929648
7 0.6241666666666666 0.6978643216080402 0.14166666666666666 0.13693467336683418
12 0.6016666666666667 0.6017587939698492 0.15666666666666668 0.14321608040201006
5 0.4354166666666667 0.614321608040201 0.13416666666666666 0.3944723618090452
4 0.63 0.43278894472361806 0.20666666666666667 0.1922110552763819
6 0.26625 0.37185929648241206 0.10583333333333333 0.33668341708542715
