8 0.9808333333333333 0.4001256281407035 0.03666666666666667 0.08417085427135679
11 0.21916666666666668 0.5439698492462312 0.08166666666666667 0.11809045226130653
2 0.765 0.6664572864321608 0.095 0.12688442211055276
10 0.7191666666666666 0.04334170854271357 0.115 0.08417085427135679
0 0.8291666666666667 0.28831658291457285 0.165 0.2550251256281407
1 0.25708333333333333 0.8297738693467337 0.1175 0.157035175879397
9 0.5625 0.7223618090452262 0.08166666666666667 0.19095477386934673
3 0.25583333333333336 0.6790201005025126 0.175 0.1922110552763819
7 0.6025 0.3969849246231156 0.15166666666666667 0.15326633165829145
12 0.4533333333333333 0.14258793969849246 0.10666666666666667 0.23743718592964824
5 0.6941666666666667 0.38253768844221103 0.1 0.43090452261306533
4 0.7279166666666667 0.3913316582914573 0.1975 0.15452261306532664
6 0.4870833333333333 0.7902010050251256 0.1025 0.31155778894472363
