8 0.3575 0.3555276381909548 0.055 0.08542713567839195
11 0.7654166666666666 0.4805276381909548 0.08083333333333333 0.11934673366834171
2 0.895 0.5703517587939698 0.08166666666666667 0.11306532663316583
10 0.30416666666666664 0.12814070351758794 0.08166666666666667 0.15326633165829145
0 0.6775 0.40389447236180903 0.04 0.3203517587939699
1 0.9375 0.45226130653266333 0.1 0.1708542713567839
9 0.7220833333333333 0.29396984924623115 0.06916666666666667 0.19597989949748743
3 0.35208333333333336 0.8881909547738693 0.1425 0.22110552763819097
7 0.6370833333333333 0.4214824120603015 0.0525 0.21482412060301506
12 0.46541666666666665 0.5477386934673367 0.1325 0.2537688442211055
5 0.5625 0.4353015075376884 0.13 0.39321608040201006
4 0.7683333333333333 0.657035175879397 0.20833333333333334 0.20603015075376885
6 0.2475 0.7983668341708543 0.225 0.14949748743718594
