8 0.8383333333333334 0.41708542713567837 0.06166666666666667 0.09296482412060302
8 0.17 0.5364321608040201 0.056666666666666664 0.0829145728643216
11 0.59625 0.6444723618090452 0.08083333333333333 0.11557788944723618
11 0.365 0.5043969849246231 0.075 0.12185929648241206
2 0.7104166666666667 0.5728643216080402 0.06916666666666667 0.10552763819095477
2 0.6658333333333334 0.3341708542713568 0.08666666666666667 0.11055276381909548
10 0.65125 0.24246231155778894 0.1025 0.08793969849246232
10 0.4741666666666667 0.2870603015075377 0.06166666666666667 0.15954773869346733
0 0.5854166666666667 0.40389447236180903 0.21916666666666668 0.07412060301507538
1 0.8833333333333333 0.5282663316582915 0.11333333333333333 0.16457286432160803
1 0.24166666666666667 0.4026381909547739 0.10333333333333333 0.157035175879397
9 0.27 0.7160804020100503 0.06666666666666667 0.19095477386934673
9 0.77 0.48304020100502515 0.09666666666666666 0.18969849246231155
3 0.8208333333333333 0.6438442211055276 0.2 0.09170854271356783
3 0.5129166666666667 0.6670854271356784 0.09916666666666667 0.2537688442211055
7 0.38375 0.7430904522613065 0.16083333333333333 0.08919597989949749
7 0.5341666666666667 0.4792713567839196 0.15166666666666667 0.13442211055276382
12 0.60875 0.8027638190954773 0.11583333333333333 0.228643216080402
12 0.28 0.2657035175879397 0.15 0.16457286432160803
5 0.41291666666666665 0.5251256281407035 0.049166666666666664 0.35175879396984927
5 0.3516666666666667 0.3800251256281407 0.22166666666666668 0.25753768844221103
4 0.28875 0.5967336683417085 0.18583333333333332 0.20351758793969849
4 0.53 0.1771356783919598 0.085 0.3165829145728643
0 0.14833333333333334 0.30527638190954776 0.075 0.30402010050251255
6 0.11666666666666667 0.2814070351758794 0.095 0.314070351758794
