8 0.11916666666666667 0.4101758793969849 0.045 0.07914572864321608
8 0.23125 0.7085427135678392 0.06416666666666666 0.10301507537688442
11 0.17708333333333334 0.39195979899497485 0.0725 0.12060301507537688
11 0.7625 0.32537688442211055 0.08333333333333333 0.12562814070351758
2 0.43291666666666667 0.9560301507537688 0.0825 0.08542713567839195
2 0.6958333333333333 0.47675879396984927 0.06833333333333333 0.0942211055276382
10 0.3458333333333333 0.6670854271356784 0.09166666666666666 0.12814070351758794
10 0.5258333333333334 0.6695979899497487 0.06333333333333334 0.16331658291457288
0 0.7320833333333333 0.5345477386934674 0.16083333333333333 0.23492462311557788
0 0.47333333333333333 0.6067839195979899 0.19166666666666668 0.1658291457286432
1 0.29333333333333333 0.2292713567839196 0.12666666666666668 0.15954773869346733
1 0.8558333333333333 0.3850502512562814 0.10166666666666667 0.157035175879397
3 0.36541666666666667 0.7481155778894473 0.1675 0.13693467336683418
3 0.7525 0.13944723618090452 0.19 0.052763819095477386
7 0.7145833333333333 0.8234924623115578 0.15083333333333335 0.1771356783919598
12 0.48583333333333334 0.36746231155778897 0.10666666666666667 0.23241206030150754
12 0.41291666666666665 0.5270100502512562 0.1025 0.1670854271356784
5 0.7775 0.7474874371859297 0.24333333333333335 0.15829145728643215
4 0.75125 0.18404522613065327 0.14583333333333334 0.2701005025125628
4 0.51 0.7858040201005025 0.14 0.29020100502512564
6 0.33166666666666667 0.11118090452261306 0.22 0.10678391959798995
6 0.54125 0.42462311557788945 0.08916666666666667 0.27638190954773867
