8 0.5508333333333333 0.24371859296482412 0.06 0.09045226130653267
11 0.39666666666666667 0.45414572864321606 0.07333333333333333 0.11180904522613065
2 0.9695833333333334 0.40389447236180903 0.059166666666666666 0.11934673366834171
10 0.42375 0.7839195979899497 0.0775 0.13316582914572864
0 0.2841666666666667 0.8347989949748744 0.155 0.2751256281407035
1 0.6345833333333334 0.6193467336683417 0.1125 0.1507537688442211
9 0.6079166666666667 0.7336683417085427 0.07416666666666667 0.19095477386934673
3 0.64375 0.43278894472361806 0.19083333333333333 0.13693467336683418
7 0.5420833333333334 0.8624371859296482 0.17083333333333334 0.114321608040201
12 0.44666666666666666 0.6388190954773869 0.16833333333333333 0.17462311557788945
5 0.6125 0.5414572864321608 0.24666666666666667 0.16834170854271358
4 0.3433333333333333 0.36243718592964824 0.18666666666666668 0.25753768844221103
6 0.45875 0.48178391959798994 0.17083333333333334 0.2876884422110553
