8 0.95375 0.27261306532663315 0.0575 0.09296482412060302
11 0.3375 0.6940954773869347 0.08666666666666667 0.1092964824120603
2 0.9708333333333333 0.40515075376884424 0.045 0.11180904522613065
10 0.3416666666666667 0.5709798994974874 0.11 0.10427135678391959
0 0.36625 0.5251256281407035 0.2125 0.1507537688442211
1 0.4579166666666667 0.7380653266331658 0.1175 0.16457286432160803
9 0.6183333333333333 0.6256281407035176 0.13 0.1658291457286432
3 0.48833333333333334 0.6180904522613065 0.18 0.10301507537688442
7 0.3275 0.8335427135678392 0.16 0.12437185929648241
12 0.44708333333333333 0.3768844221105528 0.14416666666666667 0.2135678391959799
5 0.7691666666666667 0.31155778894472363 0.25333333333333335 0.22110552763819097
4 0.59375 0.3592964824120603 0.10083333333333333 0.30904522613065327
6 0.91125 0.2908291457286432 0.07583333333333334 0.33291457286432163
