8 0.675 0.5018844221105527 0.056666666666666664 0.10175879396984924
8 0.3358333333333333 0.867462311557789 0.05333333333333334 0.07160804020100503
11 0.9304166666666667 0.6155778894472361 0.0875 0.12562814070351758
2 0.64125 0.5609296482412061 0.06916666666666667 0.09673366834170855
2 0.31666666666666665 0.6633165829145728 0.06166666666666667 0.09045226130653267
10 0.8520833333333333 0.6683417085427136 0.08916666666666667 0.11557788944723618
10 0.815 0.09484924623115577 0.11666666666666667 0.12185929648241206
0 0.52625 0.6425879396984925 0.16083333333333333 0.2776381909547739
0 0.9166666666666666 0.33291457286432163 0.155 0.2562814070351759
1 0.2995833333333333 0.44221105527638194 0.10916666666666666 0.16834170854271358
1 0.38 0.6381909547738693 0.105 0.15829145728643215
9 0.755 0.7619346733668342 0.105 0.18969849246231155
9 0.4175 0.7663316582914573 0.09 0.1884422110552764
3 0.6920833333333334 0.7707286432160804 0.10583333333333333 0.2550251256281407
3 0.8329166666666666 0.5904522613065326 0.16916666666666666 0.1306532663316583
7 0.9266666666666666 0.39761306532663315 0.11666666666666667 0.18969849246231155
7 0.63875 0.7211055276381909 0.07916666666666666 0.228643216080402
12 0.25916666666666666 0.699748743718593 0.15833333333333333 0.20100502512562815
12 0.8345833333333333 0.4334170854271357 0.0775 0.16834170854271358
5 0.7120833333333333 0.31909547738693467 0.2608333333333333 0.0829145728643216
5 0.7329166666666667 0.5452261306532663 0.11916666666666667 0.38190954773869346
4 0.52375 0.31909547738693467 0.1975 0.20351758793969849
4 0.2529166666666667 0.5301507537688442 0.18583333333333332 0.19095477386934673
6 0.19708333333333333 0.37185929648241206 0.1925 0.2638190954773869
6 0.46291666666666664 0.4723618090452261 0.2125 0.14321608040201006
