8 0.49083333333333334 0.9742462311557789 0.041666666666666664 0.048994974874371856
11 0.6708333333333333 0.6048994974874372 0.08666666666666667 0.12688442211055276
2 0.7920833333333334 0.792713567839196 0.0725 0.12562814070351758
10 0.3425 0.7914572864321608 0.09166666666666666 0.13316582914572864
0 0.7341666666666666 0.8165829145728644 0.17166666666666666 0.24874371859296482
1 0.6870833333333334 0.44032663316582915 0.1075 0.14698492462311558
9 0.6954166666666667 0.05087939698492462 0.1325 0.0942211055276382
3 0.6041666666666666 0.5050251256281407 0.07666666666666666 0.24874371859296482
7 0.5220833333333333 0.5062814070351759 0.10083333333333333 0.22110552763819097
12 0.535 0.4114321608040201 0.15833333333333333 0.16959798994974876
5 0.6058333333333333 0.6256281407035176 0.17166666666666666 0.2914572864321608
4 0.16291666666666665 0.4937185929648241 0.22416666666666665 0.15829145728643215
6 0.78125 0.5012562814070352 0.10416666666666667 0.314070351758794
