8 0.30125 0.6017587939698492 0.04583333333333333 0.07537688442211055
11 0.65125 0.44597989949748745 0.07916666666666666 0.11557788944723618
11 0.5141666666666667 0.7286432160804021 0.065 0.13316582914572864
2 0.21333333333333335 0.5879396984924623 0.06666666666666667 0.10301507537688442
2 0.21708333333333332 0.7474874371859297 0.07583333333333334 0.10301507537688442
10 0.7304166666666667 0.5087939698492462 0.0875 0.11557788944723618
10 0.21875 0.6664572864321608 0.1025 0.08165829145728644
0 0.84125 0.7650753768844221 0.1475 0.271356783919598
0 0.5025 0.9013819095477387 0.22 0.10175879396984924
1 0.7079166666666666 0.7342964824120602 0.10083333333333333 0.16457286432160803
1 0.3433333333333333 0.22989949748743718 0.11 0.16331658291457288
9 0.705 0.5873115577889447 0.11833333333333333 0.16959798994974876
9 0.63625 0.6224874371859297 0.1175 0.157035175879397
3 0.41375 0.5 0.0825 0.271356783919598
3 0.805 0.7870603015075377 0.10666666666666667 0.26256281407035176
7 0.7316666666666667 0.8756281407035176 0.15833333333333333 0.10552763819095477
7 0.6166666666666667 0.760678391959799 0.06333333333333334 0.22236180904522612
12 0.5783333333333334 0.2242462311557789 0.11833333333333333 0.23492462311557788
12 0.3804166666666667 0.8278894472361809 0.1275 0.24120603015075376
5 0.41041666666666665 0.6922110552763819 0.2675 0.11809045226130653
5 0.5616666666666666 0.6846733668341709 0.04666666666666667 0.36432160804020103
4 0.25583333333333336 0.4528894472361809 0.12833333333333333 0.3128140703517588
4 0.565 0.4221105527638191 0.18833333333333332 0.24120603015075376
6 0.43041666666666667 0.3473618090452261 0.18916666666666668 0.16959798994974876
6 0.685 0.16771356783919597 0.15 0.28266331658291455
