8 0.5329166666666667 0.6206030150753769 0.049166666666666664 0.08040201005025126
11 0.4975 0.0414572864321608 0.105 0.0678391959798995
2 0.7908333333333334 0.6300251256281407 0.07166666666666667 0.11683417085427136
10 0.46208333333333335 0.5753768844221105 0.10916666666666666 0.09296482412060302
0 0.7383333333333333 0.8435929648241206 0.10166666666666667 0.3103015075376884
1 0.44 0.11118090452261306 0.10666666666666667 0.1620603015075377
9 0.36583333333333334 0.3907035175879397 0.13 0.19095477386934673
3 0.6641666666666667 0.4962311557788945 0.16666666666666666 0.19597989949748743
7 0.54125 0.48555276381909546 0.06583333333333333 0.22989949748743718
12 0.6758333333333333 0.34861809045226133 0.15666666666666668 0.1972361809045226
5 0.525 0.16520100502512564 0.11 0.33040201005025127
4 0.2675 0.8109296482412061 0.205 0.22738693467336685
6 0.57625 0.40954773869346733 0.0725 0.32663316582914576
