8 0.7729166666666667 0.4472361809045226 0.050833333333333335 0.0728643216080402
11 0.60875 0.7826633165829145 0.0875 0.135678391959799
2 0.65625 0.43467336683417085 0.0675 0.10301507537688442
10 0.46166666666666667 0.46608040201005024 0.07666666666666666 0.14824120603015076
0 0.55875 0.4648241206030151 0.1525 0.2814070351758794
1 0.5645833333333333 0.2914572864321608 0.09583333333333334 0.1507537688442211
9 0.38375 0.5753768844221105 0.10416666666666667 0.1934673366834171
3 0.5370833333333334 0.8059045226130653 0.07916666666666666 0.28015075376884424
7 0.7629166666666667 0.832286432160804 0.15083333333333335 0.16959798994974876
12 0.79625 0.2556532663316583 0.1575 0.21482412060301506
5 0.61 0.6300251256281407 0.24 0.23492462311557788
4 0.13 0.6721105527638191 0.13833333333333334 0.31909547738693467
6 0.62625 0.5025125628140703 0.16583333333333333 0.27638190954773867
