8 0.7725 0.4667085427135678 0.055 0.08165829145728644
11 0.61875 0.2914572864321608 0.07416666666666667 0.11557788944723618
2 0.8220833333333334 0.8536432160804021 0.07916666666666666 0.11180904522613065
10 0.7333333333333333 0.4334170854271357 0.05 0.15829145728643215
0 0.6245833333333334 0.5508793969849246 0.2175 0.08165829145728644
1 0.52125 0.31972361809045224 0.10916666666666666 0.14698492462311558
9 0.5220833333333333 0.6381909547738693 0.08583333333333333 0.18341708542713567
3 0.5908333333333333 0.5961055276381909 0.06333333333333334 0.2776381909547739
7 0.6279166666666667 0.4139447236180904 0.13083333333333333 0.16457286432160803
12 0.47041666666666665 0.5207286432160804 0.1525 0.2399497487437186
5 0.6670833333333334 0.2342964824120603 0.07583333333333334 0.42336683417085424
4 0.5125 0.1884422110552764 0.09666666666666666 0.12562814070351758
6 0.79625 0.75 0.23416666666666666 0.13316582914572864
