8 0.9075 0.2814070351758794 0.06833333333333333 0.10301507537688442
11 0.42375 0.34484924623115576 0.08916666666666667 0.0992462311557789
2 0.4370833333333333 0.23241206030150754 0.06916666666666667 0.10804020100502512
10 0.7604166666666666 0.43278894472361806 0.10416666666666667 0.11683417085427136
0 0.49375 0.5069095477386935 0.059166666666666666 0.33291457286432163
1 0.7345833333333334 0.6532663316582915 0.11916666666666667 0.15577889447236182
9 0.5445833333333333 0.803391959798995 0.12416666666666666 0.14698492462311558
3 0.73 0.5559045226130653 0.14166666666666666 0.17964824120603015
7 0.6220833333333333 0.5703517587939698 0.13583333333333333 0.2185929648241206
12 0.615 0.33103015075376885 0.15666666666666668 0.15201005025125627
5 0.5304166666666666 0.4635678391959799 0.07583333333333334 0.4221105527638191
4 0.5995833333333334 0.20728643216080403 0.18083333333333335 0.26884422110552764
6 0.41083333333333333 0.417713567839196 0.175 0.28015075376884424
