8 0.88125 0.18341708542713567 0.060833333333333336 0.10050251256281408
8 0.4195833333333333 0.7305276381909548 0.049166666666666664 0.07914572864321608
11 0.9395833333333333 0.6256281407035176 0.0875 0.13316582914572864
11 0.22625 0.4510050251256281 0.07916666666666666 0.12311557788944724
2 0.6195833333333334 0.4824120603015075 0.06916666666666667 0.10050251256281408
2 0.40041666666666664 0.6507537688442211 0.06583333333333333 0.09547738693467336
10 0.6191666666666666 0.6626884422110553 0.07 0.13944723618090452
10 0.8241666666666667 0.15389447236180903 0.09166666666666666 0.0992462311557789
0 0.5329166666666667 0.7437185929648241 0.1175 0.314070351758794
0 0.9175 0.3285175879396985 0.15166666666666667 0.24748743718592964
1 0.835 0.635678391959799 0.10666666666666667 0.17839195979899497
1 0.2525 0.5709798994974874 0.11666666666666667 0.157035175879397
9 0.7166666666666667 0.6796482412060302 0.12166666666666667 0.1708542713567839
9 0.7425 0.239321608040201 0.11666666666666667 0.18216080402010051
3 0.5320833333333334 0.5734924623115578 0.17583333333333334 0.08919597989949749
3 0.7133333333333334 0.9214824120603015 0.065 0.15452261306532664
7 0.515 0.34296482412060303 0.08166666666666667 0.22613065326633167
7 0.4625 0.8146984924623115 0.10166666666666667 0.25
12 0.3958333333333333 0.5169597989949749 0.16 0.16457286432160803
12 0.6895833333333333 0.5194723618090452 0.15916666666666668 0.1620603015075377
5 0.57125 0.36432160804020103 0.05583333333333333 0.3743718592964824
5 0.8291666666666667 0.43404522613065327 0.2816666666666667 0.056532663316582916
4 0.22125 0.27449748743718594 0.11916666666666667 0.29773869346733667
4 0.755 0.3787688442211055 0.20666666666666667 0.10678391959798995
6 0.4725 0.2701005025125628 0.13333333333333333 0.30402010050251255
6 0.7 0.18907035175879397 0.17166666666666666 0.26256281407035176
