8 0.7233333333333334 0.878140703517588 0.06666666666666667 0.08542713567839195
11 0.47375 0.7016331658291457 0.08083333333333333 0.11683417085427136
2 0.4375 0.47738693467336685 0.08166666666666667 0.09798994974874371
10 0.3875 0.2770100502512563 0.10666666666666667 0.10678391959798995
0 0.4995833333333333 0.8442211055276382 0.13916666666666666 0.2989949748743719
1 0.30625 0.40515075376884424 0.1025 0.1620603015075377
9 0.6066666666666667 0.5483668341708543 0.13666666666666666 0.11683417085427136
3 0.65125 0.7600502512562815 0.0875 0.26884422110552764
7 0.78125 0.739321608040201 0.1375 0.18467336683417085
12 0.8933333333333333 0.6030150753768844 0.15666666666666668 0.1884422110552764
5 0.5458333333333333 0.45414572864321606 0.2733333333333333 0.15201005025125627
4 0.6479166666666667 0.2876884422110553 0.20916666666666667 0.2135678391959799
6 0.4895833333333333 0.6287688442211056 0.2125 0.19974874371859297
