8 0.8066666666666666 0.6809045226130653 0.06333333333333334 0.09045226130653267
11 0.7158333333333333 0.6532663316582915 0.08166666666666667 0.10804020100502512
2 0.6325 0.48680904522613067 0.07 0.1092964824120603
10 0.8370833333333333 0.46168341708542715 0.050833333333333335 0.14949748743718594
0 0.37375 0.717964824120603 0.16916666666666666 0.25753768844221103
1 0.7145833333333333 0.5276381909547738 0.10583333333333333 0.15326633165829145
9 0.51375 0.6212311557788944 0.12083333333333333 0.1620603015075377
3 0.6408333333333334 0.6576633165829145 0.15166666666666667 0.20477386934673367
7 0.6475 0.34610552763819097 0.13833333333333334 0.2022613065326633
12 0.3308333333333333 0.45979899497487436 0.11333333333333333 0.22110552763819097
5 0.7829166666666667 0.3957286432160804 0.06583333333333333 0.41708542713567837
4 0.4 0.4566582914572864 0.14333333333333334 0.29773869346733667
6 0.8254166666666667 0.8146984924623115 0.18416666666666667 0.2675879396984925
