8 0.49083333333333334 0.2889447236180904 0.06166666666666667 0.08542713567839195
11 0.66375 0.7273869346733668 0.08916666666666667 0.11055276381909548
2 0.45916666666666667 0.6162060301507538 0.06833333333333333 0.0992462311557789
10 0.4175 0.47613065326633164 0.115 0.10050251256281408
0 0.5658333333333333 0.24371859296482412 0.13833333333333334 0.27386934673366836
1 0.38 0.6130653266331658 0.11166666666666666 0.14824120603015076
3 0.58 0.5182160804020101 0.13166666666666665 0.2198492462311558
9 0.5908333333333333 0.7060301507537688 0.13 0.18090452261306533
7 0.6758333333333333 0.29836683417085424 0.14166666666666666 0.15452261306532664
12 0.5029166666666667 0.571608040201005 0.15416666666666667 0.1934673366834171
5 0.6275 0.4748743718592965 0.15833333333333333 0.35678391959798994
4 0.74875 0.478643216080402 0.13916666666666666 0.2989949748743719
6 0.3466666666666667 0.45979899497487436 0.16 0.3015075376884422
