8 0.6741666666666667 0.12437185929648241 0.058333333333333334 0.08040201005025126
8 0.8891666666666667 0.29585427135678394 0.06333333333333334 0.10175879396984924
11 0.0425 0.09610552763819095 0.07166666666666667 0.13442211055276382
11 0.2654166666666667 0.7047738693467337 0.08583333333333333 0.12060301507537688
2 0.6329166666666667 0.5508793969849246 0.07083333333333333 0.0992462311557789
2 0.12708333333333333 0.5018844221105527 0.06916666666666667 0.11180904522613065
10 0.49541666666666667 0.4183417085427136 0.07916666666666666 0.13316582914572864
10 0.04541666666666667 0.6394472361809045 0.07916666666666666 0.135678391959799
0 0.4504166666666667 0.5207286432160804 0.10416666666666667 0.3027638190954774
0 0.2875 0.5445979899497487 0.20333333333333334 0.17462311557788945
1 0.75375 0.3530150753768844 0.10083333333333333 0.14824120603015076
1 0.6375 0.36746231155778897 0.105 0.13190954773869346
9 0.38416666666666666 0.6589195979899497 0.13666666666666666 0.0942211055276382
9 0.41 0.5646984924623115 0.12833333333333333 0.10427135678391959
3 0.49 0.5402010050251256 0.07833333333333334 0.24371859296482412
3 0.48041666666666666 0.7349246231155779 0.18583333333333332 0.07537688442211055
7 0.605 0.2638190954773869 0.16166666666666665 0.12060301507537688
7 0.6845833333333333 0.6011306532663316 0.06583333333333333 0.22236180904522612
12 0.3175 0.8668341708542714 0.17166666666666666 0.1708542713567839
12 0.7733333333333333 0.22487437185929648 0.145 0.17839195979899497
5 0.3425 0.37374371859296485 0.26 0.12185929648241206
5 0.7941666666666667 0.5345477386934674 0.19666666666666666 0.3655778894472362
4 0.29125 0.4748743718592965 0.20083333333333334 0.1658291457286432
6 0.6429166666666667 0.46545226130653267 0.18416666666666667 0.11683417085427136
6 0.79875 0.45163316582914576 0.16083333333333333 0.2851758793969849
