8 0.3695833333333333 0.7550251256281407 0.060833333333333336 0.08542713567839195
8 0.39125 0.4742462311557789 0.0525 0.07914572864321608
11 0.5454166666666667 0.9453517587939698 0.0825 0.10678391959798995
11 0.35583333333333333 0.3913316582914573 0.085 0.11683417085427136
2 0.96375 0.7456030150753769 0.060833333333333336 0.114321608040201
10 0.7358333333333333 0.5113065326633166 0.11166666666666666 0.09798994974874371
0 0.4691666666666667 0.6557788944723618 0.11833333333333333 0.2964824120603015
0 0.8108333333333333 0.5986180904522613 0.20833333333333334 0.13944723618090452
1 0.7825 0.7229899497487438 0.12166666666666667 0.17462311557788945
1 0.30416666666666664 0.7116834170854272 0.12333333333333334 0.1670854271356784
9 0.28375 0.30025125628140703 0.13083333333333333 0.1306532663316583
9 0.6908333333333333 0.6557788944723618 0.07333333333333333 0.18341708542713567
3 0.72625 0.8184673366834171 0.16416666666666666 0.1972361809045226
3 0.8904166666666666 0.47675879396984927 0.1475 0.18969849246231155
7 0.61875 0.5081658291457286 0.13416666666666666 0.0992462311557789
7 0.38 0.6614321608040201 0.10666666666666667 0.18216080402010051
12 0.4870833333333333 0.4510050251256281 0.1525 0.1407035175879397
12 0.5925 0.7242462311557789 0.15333333333333332 0.14698492462311558
5 0.49583333333333335 0.7066582914572864 0.15333333333333332 0.3530150753768844
5 0.7191666666666666 0.43404522613065327 0.23333333333333334 0.15954773869346733
4 0.6995833333333333 0.25690954773869346 0.16416666666666666 0.2776381909547739
4 0.37333333333333335 0.5540201005025126 0.17833333333333334 0.22613065326633167
6 0.4845833333333333 0.11494974874371859 0.1475 0.22738693467336685
6 0.5666666666666667 0.6180904522613065 0.21333333333333335 0.10301507537688442
