8 0.9183333333333333 0.8304020100502513 0.06666666666666667 0.10552763819095477
8 0.35 0.8077889447236181 0.05333333333333334 0.08793969849246232
11 0.5829166666666666 0.8976130653266332 0.07916666666666666 0.12437185929648241
11 0.7666666666666667 0.36243718592964824 0.08166666666666667 0.12185929648241206
2 0.5716666666666667 0.7135678391959799 0.065 0.11306532663316583
2 0.6695833333333333 0.9152010050251256 0.07083333333333333 0.08668341708542714
10 0.5225 0.07663316582914573 0.10333333333333333 0.11055276381909548
10 0.5091666666666667 0.45163316582914576 0.09 0.06909547738693467
0 0.6208333333333333 0.4993718592964824 0.14833333333333334 0.0992462311557789
0 0.8020833333333334 0.4510050251256281 0.20916666666666667 0.0678391959798995
1 0.8370833333333333 0.8360552763819096 0.10416666666666667 0.1444723618090452
1 0.4175 0.8391959798994975 0.09833333333333333 0.15829145728643215
9 0.6758333333333333 0.06281407035175879 0.10666666666666667 0.11055276381909548
9 0.6775 0.7569095477386935 0.08666666666666667 0.18969849246231155
3 0.7079166666666666 0.2870603015075377 0.049166666666666664 0.28015075376884424
3 0.5470833333333334 0.14824120603015076 0.17583333333333334 0.12562814070351758
7 0.6683333333333333 0.3907035175879397 0.07666666666666666 0.22110552763819097
7 0.35791666666666666 0.4026381909547739 0.15083333333333335 0.10678391959798995
12 0.5004166666666666 0.3398241206030151 0.14083333333333334 0.18969849246231155
12 0.5891666666666666 0.35175879396984927 0.11 0.24371859296482412
5 0.5229166666666667 0.5150753768844221 0.29083333333333333 0.12060301507537688
5 0.34791666666666665 0.2129396984924623 0.25916666666666666 0.08668341708542714
4 0.8120833333333334 0.2305276381909548 0.15416666666666667 0.28266331658291455
4 0.6754166666666667 0.6300251256281407 0.21416666666666667 0.11934673366834171
6 0.3875 0.5113065326633166 0.21166666666666667 0.14321608040201006
6 0.4116666666666667 0.0942211055276382 0.13166666666666665 0.16834170854271358
