8 0.42916666666666664 0.7512562814070352 0.06 0.10552763819095477
11 0.7241666666666666 0.4183417085427136 0.08666666666666667 0.13316582914572864
2 0.5804166666666667 0.6149497487437185 0.049166666666666664 0.09673366834170855
10 0.3720833333333333 0.657035175879397 0.06916666666666667 0.1507537688442211
0 0.5845833333333333 0.4949748743718593 0.2175 0.09045226130653267
1 0.31125 0.24309045226130654 0.12083333333333333 0.17462311557788945
9 0.4895833333333333 0.592964824120603 0.1225 0.10301507537688442
3 0.5195833333333333 0.6815326633165829 0.17416666666666666 0.13442211055276382
7 0.61875 0.4315326633165829 0.14583333333333334 0.13190954773869346
12 0.67125 0.6337939698492462 0.1625 0.19472361809045227
5 0.5333333333333333 0.5276381909547738 0.29 0.09547738693467336
4 0.5270833333333333 0.4120603015075377 0.09416666666666666 0.30904522613065327
6 0.3804166666666667 0.20665829145728642 0.0975 0.34296482412060303
