8 0.6375 0.7625628140703518 0.058333333333333334 0.0829145728643216
11 0.6891666666666667 0.7349246231155779 0.07333333333333333 0.12060301507537688
2 0.9529166666666666 0.5175879396984925 0.07583333333333334 0.10804020100502512
10 0.7433333333333333 0.7512562814070352 0.09166666666666666 0.13316582914572864
0 0.6279166666666667 0.5935929648241206 0.08583333333333333 0.3178391959798995
1 0.8383333333333334 0.40326633165829145 0.105 0.16331658291457288
9 0.4425 0.7625628140703518 0.11 0.20100502512562815
3 0.68125 0.5043969849246231 0.08083333333333333 0.2701005025125628
7 0.7320833333333333 0.4378140703517588 0.09083333333333334 0.2399497487437186
12 0.2425 0.4239949748743719 0.17 0.18969849246231155
5 0.57375 0.396356783919598 0.0925 0.4082914572864322
4 0.5166666666666667 0.6451005025125628 0.11333333333333333 0.30527638190954776
6 0.5070833333333333 0.3473618090452261 0.10416666666666667 0.33040201005025127
