8 0.20333333333333334 0.5873115577889447 0.06 0.07663316582914573
8 0.2325 0.6695979899497487 0.06166666666666667 0.08542713567839195
11 0.22416666666666665 0.7550251256281407 0.08333333333333333 0.11306532663316583
2 0.7079166666666666 0.1444723618090452 0.07083333333333333 0.09798994974874371
2 0.7733333333333333 0.1444723618090452 0.07166666666666667 0.11055276381909548
10 0.5383333333333333 0.6193467336683417 0.06333333333333334 0.1507537688442211
10 0.43125 0.8919597989949749 0.07416666666666667 0.15326633165829145
0 0.6679166666666667 0.11118090452261306 0.2175 0.1871859296482412
0 0.5129166666666667 0.8373115577889447 0.06583333333333333 0.30778894472361806
1 0.8795833333333334 0.550251256281407 0.1025 0.1507537688442211
1 0.20833333333333334 0.2619346733668342 0.11166666666666666 0.14949748743718594
9 0.6183333333333333 0.34610552763819097 0.09833333333333333 0.19472361809045227
9 0.45208333333333334 0.5477386934673367 0.12916666666666668 0.09547738693467336
3 0.6441666666666667 0.4956030150753769 0.16333333333333333 0.14949748743718594
3 0.4925 0.20979899497487436 0.10333333333333333 0.25125628140703515
7 0.68125 0.34296482412060303 0.09416666666666666 0.20854271356783918
7 0.3204166666666667 0.40766331658291455 0.0825 0.22487437185929648
12 0.5241666666666667 0.38567839195979897 0.11833333333333333 0.23366834170854273
12 0.4266666666666667 0.6934673366834171 0.15166666666666667 0.20351758793969849
5 0.74 0.3498743718592965 0.16666666666666666 0.292713567839196
5 0.54375 0.03391959798994975 0.1475 0.0678391959798995
4 0.28541666666666665 0.1878140703517588 0.19583333333333333 0.21482412060301506
4 0.3516666666666667 0.4899497487437186 0.12333333333333334 0.3065326633165829
6 0.23166666666666666 0.3492462311557789 0.18833333333333332 0.23869346733668342
6 0.2579166666666667 0.5992462311557789 0.13583333333333333 0.2964824120603015
