8 0.27875 0.314070351758794 0.060833333333333336 0.08040201005025126
8 0.55 0.35238693467336685 0.051666666666666666 0.08165829145728644
11 0.4741666666666667 0.5540201005025126 0.08 0.0829145728643216
2 0.49666666666666665 0.6708542713567839 0.06333333333333334 0.10552763819095477
2 0.40625 0.5628140703517588 0.0675 0.09798994974874371
10 0.3025 0.4415829145728643 0.08166666666666667 0.14195979899497488
10 0.42791666666666667 0.6620603015075377 0.10083333333333333 0.09547738693467336
0 0.7779166666666667 0.5188442211055276 0.06583333333333333 0.32914572864321606
0 0.8991666666666667 0.7958542713567839 0.195 0.06155778894472362
1 0.68625 0.5998743718592965 0.10916666666666666 0.15954773869346733
1 0.46375 0.4648241206030151 0.09916666666666667 0.14321608040201006
9 0.5220833333333333 0.821608040201005 0.08083333333333333 0.18341708542713567
9 0.48041666666666666 0.2832914572864322 0.11083333333333334 0.1771356783919598
3 0.49291666666666667 0.8963567839195979 0.08416666666666667 0.20477386934673367
3 0.74625 0.746859296482412 0.15583333333333332 0.19974874371859297
7 0.70625 0.7079145728643216 0.15083333333333335 0.0992462311557789
7 0.7045833333333333 0.9133165829145728 0.1325 0.1708542713567839
12 0.6054166666666667 0.5753768844221105 0.11083333333333334 0.22613065326633167
12 0.62875 0.45603015075376885 0.15583333333333332 0.18341708542713567
5 0.55 0.707286432160804 0.06833333333333333 0.36683417085427134
4 0.2891666666666667 0.2506281407035176 0.22 0.13944723618090452
4 0.7466666666666667 0.39761306532663315 0.13166666666666665 0.292713567839196
6 0.2925 0.1507537688442211 0.22833333333333333 0.13316582914572864
6 0.6120833333333333 0.22613065326633167 0.0875 0.3165829145728643
