8 0.86625 0.4001256281407035 0.0575 0.0942211055276382
8 0.2708333333333333 0.4296482412060301 0.06 0.06281407035175879
11 0.8741666666666666 0.09170854271356783 0.08166666666666667 0.11306532663316583
2 0.7175 0.7305276381909548 0.07833333333333334 0.0942211055276382
2 0.5745833333333333 0.753140703517588 0.07083333333333333 0.0992462311557789
10 0.535 0.6507537688442211 0.09166666666666666 0.1507537688442211
10 0.22833333333333333 0.589824120603015 0.09666666666666666 0.12185929648241206
0 0.6041666666666666 0.31972361809045224 0.05333333333333334 0.3278894472361809
0 0.24958333333333332 0.35050251256281406 0.21583333333333332 0.12060301507537688
1 0.5870833333333333 0.571608040201005 0.11083333333333334 0.15829145728643215
1 0.6554166666666666 0.06846733668341709 0.12416666666666666 0.13442211055276382
9 0.44708333333333333 0.5904522613065326 0.10916666666666666 0.16834170854271358
9 0.24916666666666668 0.6557788944723618 0.13333333333333333 0.12814070351758794
3 0.3325 0.7003768844221105 0.16833333333333333 0.13190954773869346
3 0.39875 0.39761306532663315 0.11916666666666667 0.23241206030150754
7 0.81375 0.6595477386934674 0.15416666666666667 0.10050251256281408
7 0.645 0.37374371859296485 0.06166666666666667 0.23241206030150754
12 0.5354166666666667 0.3234924623115578 0.1125 0.2399497487437186
12 0.7395833333333334 0.3706030150753769 0.12083333333333333 0.23869346733668342
5 0.43875 0.40138190954773867 0.16916666666666666 0.28015075376884424
5 0.8204166666666667 0.5226130653266332 0.2891666666666667 0.0829145728643216
4 0.5245833333333333 0.8297738693467337 0.14416666666666667 0.2776381909547739
4 0.8216666666666667 0.4547738693467337 0.095 0.3241206030150754
6 0.19666666666666666 0.49246231155778897 0.22166666666666668 0.11055276381909548
6 0.9641666666666666 0.40766331658291455 0.06666666666666667 0.3479899497487437
