8 0.31333333333333335 0.7342964824120602 0.058333333333333334 0.07160804020100503
8 0.11208333333333333 0.4956030150753769 0.05416666666666667 0.07412060301507538
11 0.43916666666666665 0.8310301507537688 0.08 0.13944723618090452
11 0.46166666666666667 0.6212311557788944 0.08166666666666667 0.12688442211055276
2 0.19541666666666666 0.7663316582914573 0.06416666666666666 0.11306532663316583
2 0.1375 0.5672110552763819 0.08166666666666667 0.0992462311557789
10 0.8308333333333333 0.7814070351758794 0.09833333333333333 0.11557788944723618
10 0.16875 0.675251256281407 0.1025 0.114321608040201
0 0.9145833333333333 0.7173366834170855 0.11416666666666667 0.314070351758794
0 0.345 0.6796482412060302 0.19666666666666666 0.20351758793969849
1 0.2925 0.4566582914572864 0.115 0.14698492462311558
1 0.8020833333333334 0.3285175879396985 0.11916666666666667 0.17964824120603015
9 0.5758333333333333 0.41708542713567837 0.07333333333333333 0.19095477386934673
9 0.7504166666666666 0.5131909547738693 0.12583333333333332 0.12688442211055276
3 0.33916666666666667 0.5728643216080402 0.165 0.12562814070351758
3 0.9258333333333333 0.48743718592964824 0.045 0.27638190954773867
7 0.6258333333333334 0.832286432160804 0.095 0.21733668341708542
7 0.6608333333333334 0.8844221105527639 0.09666666666666666 0.21608040201005024
12 0.6208333333333333 0.5986180904522613 0.16166666666666665 0.18467336683417085
12 0.4083333333333333 0.4886934673366834 0.15666666666666668 0.16331658291457288
5 0.8016666666666666 0.614321608040201 0.22666666666666666 0.0829145728643216
5 0.66375 0.47110552763819097 0.06416666666666666 0.41457286432160806
4 0.22291666666666668 0.6180904522613065 0.1375 0.2864321608040201
4 0.615 0.6771356783919598 0.21 0.17587939698492464
6 0.5895833333333333 0.20603015075376885 0.2275 0.14824120603015076
6 0.1825 0.34861809045226133 0.13 0.30527638190954776
