8 0.58625 0.12939698492462312 0.0475 0.08542713567839195
8 0.5683333333333334 0.9302763819095478 0.058333333333333334 0.08919597989949749
11 0.5225 0.10866834170854271 0.08666666666666667 0.11683417085427136
11 0.43 0.6777638190954773 0.07 0.10427135678391959
2 0.38416666666666666 0.0678391959798995 0.07333333333333333 0.10552763819095477
2 0.44583333333333336 0.27638190954773867 0.065 0.10050251256281408
10 0.5266666666666666 0.42336683417085424 0.056666666666666664 0.13819095477386933
10 0.7045833333333333 0.6162060301507538 0.10916666666666666 0.10678391959798995
0 0.5633333333333334 0.5546482412060302 0.17833333333333334 0.09170854271356783
0 0.37583333333333335 0.3787688442211055 0.21333333333333335 0.13190954773869346
1 0.43125 0.1721105527638191 0.10083333333333333 0.14824120603015076
1 0.255 0.09736180904522614 0.10833333333333334 0.1721105527638191
9 0.8291666666666667 0.36746231155778897 0.11833333333333333 0.1871859296482412
9 0.6225 0.7261306532663316 0.12166666666666667 0.10301507537688442
3 0.52625 0.7701005025125628 0.1575 0.16331658291457288
3 0.6920833333333334 0.7876884422110553 0.18583333333333332 0.06532663316582915
7 0.38458333333333333 0.5559045226130653 0.0775 0.22236180904522612
7 0.28458333333333335 0.23492462311557788 0.14416666666666667 0.17336683417085427
12 0.6566666666666666 0.4396984924623116 0.14166666666666666 0.16834170854271358
12 0.5141666666666667 0.35678391959798994 0.155 0.1658291457286432
5 0.59125 0.6576633165829145 0.23916666666666667 0.06909547738693467
5 0.7191666666666666 0.375 0.10833333333333334 0.4158291457286432
4 0.25 0.5244974874371859 0.2 0.15954773869346733
4 0.6008333333333333 0.24874371859296482 0.2 0.18592964824120603
6 0.78375 0.44597989949748745 0.10416666666666667 0.32160804020100503
6 0.4245833333333333 0.4780150753768844 0.11416666666666667 0.29020100502512564
