8 0.5204166666666666 0.739321608040201 0.0525 0.07412060301507538
11 0.45125 0.48743718592964824 0.08416666666666667 0.12311557788944724
2 0.5741666666666667 0.5445979899497487 0.06833333333333333 0.08919597989949749
10 0.5358333333333334 0.7902010050251256 0.1 0.11055276381909548
0 0.6170833333333333 0.7368090452261307 0.21416666666666667 0.12688442211055276
1 0.5670833333333334 0.38316582914572866 0.11583333333333333 0.12814070351758794
9 0.47125 0.3391959798994975 0.1225 0.17336683417085427
3 0.6858333333333333 0.45414572864321606 0.18166666666666667 0.13442211055276382
7 0.4766666666666667 0.6438442211055276 0.05 0.22236180904522612
12 0.6783333333333333 0.5364321608040201 0.17666666666666667 0.15577889447236182
5 0.6183333333333333 0.45037688442211055 0.3016666666666667 0.15201005025125627
4 0.59875 0.6507537688442211 0.1925 0.18341708542713567
6 0.40291666666666665 0.5992462311557789 0.09916666666666667 0.3341708542713568
