8 0.5854166666666667 0.38190954773869346 0.0525 0.08040201005025126
11 0.5641666666666667 0.7003768844221105 0.08166666666666667 0.12185929648241206
2 0.42375 0.3479899497487437 0.06583333333333333 0.10552763819095477
10 0.5825 0.5414572864321608 0.07 0.14824120603015076
0 0.5020833333333333 0.5081658291457286 0.17416666666666666 0.2399497487437186
1 0.64 0.5125628140703518 0.10166666666666667 0.1658291457286432
9 0.41583333333333333 0.48178391959798994 0.12333333333333334 0.15452261306532664
3 0.6520833333333333 0.21545226130653267 0.21583333333333332 0.06658291457286432
7 0.78875 0.6149497487437185 0.16583333333333333 0.18216080402010051
12 0.5433333333333333 0.3768844221105528 0.09833333333333333 0.20603015075376885
5 0.6433333333333333 0.3951005025125628 0.19833333333333333 0.3203517587939699
4 0.4075 0.5728643216080402 0.21166666666666667 0.20100502512562815
6 0.48375 0.25125628140703515 0.07916666666666666 0.3316582914572864
