8 0.7470833333333333 0.03768844221105527 0.05416666666666667 0.06281407035175879
11 0.5641666666666667 0.714824120603015 0.08166666666666667 0.12060301507537688
2 0.5375 0.34233668341708545 0.06666666666666667 0.10175879396984924
10 0.7566666666666667 0.8636934673366834 0.08833333333333333 0.1871859296482412
0 0.6045833333333334 0.3071608040201005 0.14083333333333334 0.2851758793969849
1 0.95125 0.8228643216080402 0.09583333333333334 0.15829145728643215
9 0.63375 0.6620603015075377 0.10583333333333333 0.18592964824120603
3 0.7866666666666666 0.4905778894472362 0.056666666666666664 0.29773869346733667
7 0.7008333333333333 0.4842964824120603 0.14 0.14698492462311558
12 0.71375 0.6231155778894473 0.11583333333333333 0.2185929648241206
5 0.5954166666666667 0.47173366834170855 0.15583333333333332 0.3731155778894472
4 0.575 0.4547738693467337 0.20833333333333334 0.14321608040201006
6 0.12666666666666668 0.3957286432160804 0.20333333333333334 0.22110552763819097
