8 0.1075 0.44221105527638194 0.051666666666666666 0.0728643216080402
8 0.205 0.7506281407035176 0.06333333333333334 0.0992462311557789
11 0.7525 0.4704773869346734 0.075 0.1092964824120603
11 0.17375 0.3969849246231156 0.07916666666666666 0.11055276381909548
2 0.4091666666666667 0.7707286432160804 0.095 0.12939698492462312
2 0.7520833333333333 0.6451005025125628 0.06916666666666667 0.10427135678391959
10 0.5875 0.1620603015075377 0.10333333333333333 0.11809045226130653
10 0.5 0.35678391959798994 0.07333333333333333 0.13316582914572864
0 0.4191666666666667 0.2851758793969849 0.21166666666666667 0.0829145728643216
0 0.8133333333333334 0.6193467336683417 0.13166666666666665 0.314070351758794
1 0.8479166666666667 0.37374371859296485 0.11916666666666667 0.17462311557788945
1 0.3616666666666667 0.20665829145728642 0.115 0.15954773869346733
9 0.4479166666666667 0.5565326633165829 0.1275 0.11055276381909548
9 0.5704166666666667 0.5445979899497487 0.11416666666666667 0.13190954773869346
3 0.74875 0.14321608040201006 0.18916666666666668 0.08040201005025126
3 0.3858333333333333 0.3586683417085427 0.18833333333333332 0.07412060301507538
7 0.725 0.7211055276381909 0.10333333333333333 0.22110552763819097
7 0.5983333333333334 0.44974874371859297 0.15333333333333332 0.10301507537688442
12 0.4270833333333333 0.44472361809045224 0.15583333333333332 0.1507537688442211
12 0.5529166666666666 0.24623115577889448 0.11583333333333333 0.23366834170854273
5 0.5575 0.6413316582914573 0.25 0.07160804020100503
5 0.6779166666666666 0.41708542713567837 0.1625 0.3869346733668342
4 0.3275 0.4453517587939699 0.19666666666666666 0.157035175879397
4 0.7583333333333333 0.42462311557788945 0.17 0.1984924623115578
6 0.7041666666666667 0.2858040201005025 0.18833333333333332 0.20728643216080403
6 0.35625 0.11306532663316583 0.21583333333333332 0.10050251256281408
