8 0.47125 0.782035175879397 0.0475 0.07914572864321608
8 0.7158333333333333 0.42273869346733667 0.055 0.07914572864321608
11 0.8575 0.8800251256281407 0.09166666666666666 0.12437185929648241
2 0.5620833333333334 0.6287688442211056 0.0675 0.08919597989949749
2 0.3358333333333333 0.7079145728643216 0.08666666666666667 0.10678391959798995
10 0.8675 0.7870603015075377 0.10833333333333334 0.0942211055276382
10 0.67625 0.062185929648241205 0.07416666666666667 0.11683417085427136
0 0.7129166666666666 0.2185929648241206 0.1475 0.2814070351758794
0 0.5591666666666667 0.5282663316582915 0.18833333333333332 0.23492462311557788
1 0.44125 0.6344221105527639 0.1075 0.17336683417085427
1 0.54125 0.746859296482412 0.12416666666666666 0.15452261306532664
9 0.8091666666666667 0.2851758793969849 0.08333333333333333 0.17839195979899497
9 0.5075 0.5226130653266332 0.10833333333333334 0.15577889447236182
3 0.70375 0.8285175879396985 0.13083333333333333 0.25
3 0.72125 0.6111809045226131 0.0925 0.24246231155778894
7 0.6258333333333334 0.7587939698492462 0.09 0.2185929648241206
7 0.7079166666666666 0.5527638190954773 0.12416666666666666 0.18341708542713567
12 0.22458333333333333 0.7324120603015075 0.12083333333333333 0.24371859296482412
12 0.6404166666666666 0.5540201005025126 0.13583333333333333 0.22613065326633167
5 0.6183333333333333 0.22236180904522612 0.05333333333333334 0.39195979899497485
5 0.4920833333333333 0.4478643216080402 0.19583333333333333 0.22989949748743718
4 0.50875 0.3128140703517588 0.1525 0.27638190954773867
6 0.32375 0.157035175879397 0.13583333333333333 0.3015075376884422
6 0.25166666666666665 0.34108040201005024 0.07333333333333333 0.32537688442211055
