11 0.6679166666666667 0.06155778894472362 0.09083333333333334 0.10804020100502512
11 0.39625 0.760678391959799 0.0825 0.11934673366834171
2 0.475 0.7518844221105527 0.07333333333333333 0.10175879396984924
2 0.17708333333333334 0.746859296482412 0.07583333333333334 0.10175879396984924
10 0.11791666666666667 0.503140703517588 0.11416666666666667 0.10175879396984924
10 0.3983333333333333 0.8385678391959799 0.11333333333333333 0.07914572864321608
0 0.8358333333333333 0.5697236180904522 0.19 0.21482412060301506
0 0.62625 0.1620603015075377 0.22083333333333333 0.08542713567839195
1 0.5345833333333333 0.05527638190954774 0.12083333333333333 0.10301507537688442
1 0.46125 0.9478643216080402 0.10916666666666666 0.10175879396984924
9 0.545 0.696608040201005 0.11 0.1721105527638191
9 0.05458333333333333 0.23241206030150754 0.10583333333333333 0.16080402010050251
3 0.65625 0.6048994974874372 0.15083333333333335 0.1972361809045226
3 0.425 0.9126884422110553 0.15666666666666668 0.1721105527638191
7 0.7608333333333334 0.7751256281407035 0.165 0.11557788944723618
7 0.6441666666666667 0.36620603015075376 0.16333333333333333 0.10175879396984924
12 0.56 0.46733668341708545 0.17 0.18090452261306533
12 0.5129166666666667 0.25753768844221103 0.10583333333333333 0.22613065326633167
5 0.5041666666666667 0.5873115577889447 0.23833333333333334 0.10175879396984924
5 0.8695833333333334 0.4108040201005025 0.2425 0.08040201005025126
4 0.5941666666666666 0.24623115577889448 0.19833333333333333 0.12060301507537688
4 0.10208333333333333 0.6871859296482412 0.12583333333333332 0.31155778894472363
6 0.9033333333333333 0.2889447236180904 0.18833333333333332 0.1708542713567839
6 0.22666666666666666 0.5904522613065326 0.14166666666666666 0.3015075376884422
