8 0.4766666666666667 0.8071608040201005 0.056666666666666664 0.0942211055276382
11 0.5358333333333334 0.15891959798994976 0.085 0.12437185929648241
2 0.5941666666666666 0.8266331658291457 0.06666666666666667 0.10050251256281408
10 0.40625 0.6193467336683417 0.1075 0.1306532663316583
0 0.5908333333333333 0.6526381909547738 0.2 0.15954773869346733
1 0.5054166666666666 0.4886934673366834 0.10083333333333333 0.15577889447236182
9 0.49 0.7336683417085427 0.12166666666666667 0.15326633165829145
3 0.8795833333333334 0.5150753768844221 0.19583333333333333 0.13819095477386933
7 0.6633333333333333 0.6036432160804021 0.13666666666666666 0.09673366834170855
12 0.7391666666666666 0.6306532663316583 0.11833333333333333 0.23366834170854273
5 0.51375 0.6614321608040201 0.2275 0.27261306532663315
4 0.55875 0.5690954773869347 0.12083333333333333 0.2914572864321608
6 0.4275 0.30967336683417085 0.12666666666666668 0.32537688442211055
