8 0.47291666666666665 0.6055276381909548 0.06583333333333333 0.0829145728643216
8 0.7370833333333333 0.7330402010050251 0.0575 0.07412060301507538
11 0.27416666666666667 0.20540201005025124 0.07666666666666666 0.12437185929648241
11 0.8325 0.8486180904522613 0.08166666666666667 0.12939698492462312
10 0.7129166666666666 0.4164572864321608 0.1125 0.08417085427135679
10 0.6208333333333333 0.2292713567839196 0.11166666666666666 0.10175879396984924
0 0.6766666666666666 0.5050251256281407 0.19 0.18592964824120603
0 0.5279166666666667 0.4742462311557789 0.17416666666666666 0.22989949748743718
1 0.6616666666666666 0.660175879396985 0.11 0.15954773869346733
1 0.2775 0.5056532663316583 0.10666666666666667 0.15452261306532664
9 0.6054166666666667 0.3555276381909548 0.11916666666666667 0.10804020100502512
9 0.4658333333333333 0.5213567839195979 0.13166666666666665 0.1306532663316583
3 0.7520833333333333 0.5873115577889447 0.0825 0.24246231155778894
3 0.5991666666666666 0.7167085427135679 0.045 0.2701005025125628
7 0.81375 0.6714824120603015 0.14916666666666667 0.1092964824120603
7 0.7383333333333333 0.31909547738693467 0.15333333333333332 0.10552763819095477
12 0.2633333333333333 0.7380653266331658 0.1 0.2449748743718593
12 0.3441666666666667 0.5797738693467337 0.105 0.24246231155778894
5 0.45625 0.6758793969849246 0.2275 0.11055276381909548
5 0.6158333333333333 0.5087939698492462 0.205 0.25125628140703515
4 0.2758333333333333 0.36620603015075376 0.2 0.1620603015075377
4 0.3620833333333333 0.33479899497487436 0.16583333333333333 0.22236180904522612
6 0.08541666666666667 0.2185929648241206 0.1675 0.16331658291457288
6 0.5554166666666667 0.13190954773869346 0.06416666666666666 0.2537688442211055
