8 0.6575 0.05464824120603015 0.06 0.08417085427135679
8 0.8016666666666666 0.5615577889447236 0.056666666666666664 0.08542713567839195
11 0.7104166666666667 0.6626884422110553 0.08416666666666667 0.11180904522613065
11 0.6170833333333333 0.7964824120603015 0.07416666666666667 0.11055276381909548
2 0.5454166666666667 0.5263819095477387 0.0575 0.09296482412060302
2 0.57125 0.8680904522613065 0.0625 0.10050251256281408
10 0.6620833333333334 0.3869346733668342 0.0475 0.15829145728643215
10 0.47208333333333335 0.6802763819095478 0.07916666666666666 0.14949748743718594
0 0.8975 0.675251256281407 0.18666666666666668 0.18969849246231155
1 0.7245833333333334 0.4057788944723618 0.10583333333333333 0.16080402010050251
1 0.5529166666666666 0.7248743718592965 0.11083333333333334 0.15577889447236182
9 0.28958333333333336 0.7016331658291457 0.1125 0.19472361809045227
9 0.6266666666666667 0.46796482412060303 0.06166666666666667 0.17462311557788945
3 0.6566666666666666 0.5785175879396985 0.19666666666666666 0.07160804020100503
3 0.44416666666666665 0.2022613065326633 0.07 0.27638190954773867
7 0.4091666666666667 0.6501256281407035 0.13333333333333333 0.15954773869346733
7 0.5883333333333334 0.6331658291457286 0.15833333333333333 0.12562814070351758
12 0.2966666666666667 0.29962311557788945 0.15333333333333332 0.16457286432160803
12 0.5558333333333333 0.13756281407035176 0.15166666666666667 0.15954773869346733
5 0.57875 0.38819095477386933 0.2075 0.2889447236180904
5 0.3825 0.46796482412060303 0.225 0.22738693467336685
4 0.46625 0.4704773869346734 0.19416666666666665 0.23743718592964824
4 0.4925 0.292713567839196 0.17666666666666667 0.228643216080402
0 0.14958333333333335 0.310929648241206 0.060833333333333336 0.3103015075376884
6 0.11541666666666667 0.27826633165829145 0.0925 0.30778894472361806
6 0.73 0.8021356783919598 0.20166666666666666 0.2198492462311558
