8 0.33208333333333334 0.8881909547738693 0.0575 0.08793969849246232
8 0.455 0.8391959798994975 0.06333333333333334 0.09045226130653267
11 0.6170833333333333 0.31721105527638194 0.08916666666666667 0.12185929648241206
11 0.6716666666666666 0.8329145728643216 0.085 0.11306532663316583
2 0.9091666666666667 0.35175879396984927 0.06333333333333334 0.10301507537688442
2 0.6708333333333333 0.9296482412060302 0.06833333333333333 0.10050251256281408
10 0.7304166666666667 0.2858040201005025 0.0725 0.0942211055276382
10 0.90625 0.2675879396984925 0.1075 0.10301507537688442
0 0.41458333333333336 0.48932160804020103 0.18083333333333335 0.1771356783919598
0 0.75 0.5646984924623115 0.155 0.2851758793969849
1 0.37583333333333335 0.6350502512562815 0.11 0.15452261306532664
1 0.8745833333333334 0.6928391959798995 0.10916666666666666 0.17964824120603015
9 0.4370833333333333 0.2613065326633166 0.10083333333333333 0.18090452261306533
9 0.7070833333333333 0.742462311557789 0.12083333333333333 0.09296482412060302
3 0.8145833333333333 0.7317839195979899 0.0875 0.2751256281407035
3 0.5425 0.667713567839196 0.19666666666666666 0.07663316582914573
7 0.62 0.6017587939698492 0.12166666666666667 0.18592964824120603
12 0.5858333333333333 0.4353015075376884 0.15833333333333333 0.18216080402010051
12 0.5233333333333333 0.7964824120603015 0.11 0.23618090452261306
5 0.46791666666666665 0.6074120603015075 0.19083333333333333 0.28015075376884424
5 0.7204166666666667 0.41959798994974873 0.1625 0.31155778894472363
4 0.29125 0.47173366834170855 0.12416666666666666 0.30025125628140703
4 0.8158333333333333 0.21545226130653267 0.12666666666666668 0.30778894472361806
6 0.44125 0.3951005025125628 0.1975 0.19974874371859297
6 0.7545833333333334 0.8819095477386935 0.1175 0.23366834170854273
