8 0.31416666666666665 0.5690954773869347 0.051666666666666666 0.0728643216080402
8 0.5770833333333333 0.8410804020100503 0.060833333333333336 0.08417085427135679
11 0.5920833333333333 0.20540201005025124 0.0825 0.12437185929648241
11 0.51125 0.46608040201005024 0.0925 0.11809045226130653
2 0.24708333333333332 0.5804020100502513 0.0775 0.10804020100502512
2 0.23166666666666666 0.7085427135678392 0.07666666666666666 0.09296482412060302
10 0.7658333333333334 0.13442211055276382 0.105 0.10804020100502512
10 0.2833333333333333 0.6444723618090452 0.10166666666666667 0.08793969849246232
0 0.69125 0.6614321608040201 0.1975 0.17964824120603015
0 0.8966666666666666 0.867462311557789 0.08666666666666667 0.2399497487437186
1 0.6916666666666667 0.4158291457286432 0.10666666666666667 0.1457286432160804
1 0.565 0.585427135678392 0.105 0.1507537688442211
9 0.44916666666666666 0.5879396984924623 0.125 0.10552763819095477
9 0.6704166666666667 0.5540201005025126 0.10916666666666666 0.16080402010050251
3 0.6775 0.7349246231155779 0.16833333333333333 0.1708542713567839
3 0.7808333333333334 0.8517587939698492 0.056666666666666664 0.26884422110552764
7 0.43 0.49748743718592964 0.15333333333333332 0.10804020100502512
7 0.7041666666666667 0.8310301507537688 0.14166666666666666 0.1444723618090452
12 0.3954166666666667 0.10552763819095477 0.17583333333333334 0.17336683417085427
12 0.6195833333333334 0.6878140703517588 0.1375 0.19974874371859297
5 0.7483333333333333 0.7330402010050251 0.21333333333333335 0.2022613065326633
5 0.56375 0.4566582914572864 0.2625 0.08165829145728644
4 0.40291666666666665 0.34108040201005024 0.2125 0.14698492462311558
4 0.6375 0.34233668341708545 0.21333333333333335 0.14698492462311558
6 0.6320833333333333 0.11494974874371859 0.10083333333333333 0.22236180904522612
6 0.3175 0.43090452261306533 0.22333333333333333 0.09798994974874371
