8 0.9391666666666667 0.38944723618090454 0.07166666666666667 0.10804020100502512
11 0.5404166666666667 0.946608040201005 0.08583333333333333 0.10427135678391959
2 0.8804166666666666 0.5961055276381909 0.0825 0.1092964824120603
10 0.58875 0.6727386934673367 0.12083333333333333 0.10427135678391959
0 0.5691666666666667 0.4528894472361809 0.12833333333333333 0.3128140703517588
1 0.7691666666666667 0.9472361809045227 0.11333333333333333 0.10301507537688442
9 0.6204166666666666 0.5678391959798995 0.1325 0.11809045226130653
3 0.7204166666666667 0.8015075376884422 0.059166666666666666 0.23366834170854273
7 0.4191666666666667 0.882537688442211 0.075 0.20979899497487436
12 0.51375 0.4396984924623116 0.10916666666666666 0.23115577889447236
4 0.4379166666666667 0.7462311557788944 0.19583333333333333 0.12562814070351758
6 0.36875 0.6425879396984925 0.22916666666666666 0.13442211055276382
