8 0.4483333333333333 0.48178391959798994 0.051666666666666666 0.07412060301507538
11 0.6516666666666666 0.7286432160804021 0.07833333333333334 0.12562814070351758
2 0.56 0.5910804020100503 0.07166666666666667 0.11180904522613065
10 0.29875 0.6564070351758794 0.07416666666666667 0.1670854271356784
0 0.42583333333333334 0.30025125628140703 0.09833333333333333 0.30402010050251255
1 0.5004166666666666 0.5621859296482412 0.11083333333333334 0.15201005025125627
9 0.5925 0.7613065326633166 0.075 0.19095477386934673
3 0.8 0.5986180904522613 0.20833333333333334 0.10427135678391959
7 0.55125 0.4798994974874372 0.1475 0.12814070351758794
12 0.66 0.5703517587939698 0.09833333333333333 0.23618090452261306
5 0.62 0.4214824120603015 0.27 0.114321608040201
4 0.725 0.4108040201005025 0.21 0.18090452261306533
6 0.15 0.5175879396984925 0.22 0.14321608040201006
