8 0.7683333333333333 0.19409547738693467 0.07166666666666667 0.09170854271356783
8 0.6970833333333334 0.5056532663316583 0.060833333333333336 0.07663316582914573
11 0.34041666666666665 0.4880653266331658 0.0875 0.11934673366834171
11 0.08916666666666667 0.3913316582914573 0.08166666666666667 0.11934673366834171
2 0.6379166666666667 0.5182160804020101 0.06583333333333333 0.10427135678391959
2 0.3254166666666667 0.18341708542713567 0.0725 0.11557788944723618
10 0.4345833333333333 0.2707286432160804 0.1025 0.08668341708542714
10 0.6875 0.7324120603015075 0.085 0.14321608040201006
0 0.41583333333333333 0.375 0.215 0.06909547738693467
0 0.6908333333333333 0.40703517587939697 0.21 0.12562814070351758
1 0.85 0.4334170854271357 0.105 0.13819095477386933
1 0.7004166666666667 0.30025125628140703 0.10416666666666667 0.15326633165829145
9 0.4225 0.6501256281407035 0.12833333333333333 0.11683417085427136
9 0.4579166666666667 0.49120603015075376 0.0875 0.19095477386934673
3 0.5458333333333333 0.24685929648241206 0.056666666666666664 0.25753768844221103
3 0.7420833333333333 0.4792713567839196 0.18416666666666667 0.114321608040201
7 0.7058333333333333 0.5810301507537688 0.15166666666666667 0.1620603015075377
7 0.5366666666666666 0.4271356783919598 0.11333333333333333 0.20351758793969849
12 0.8270833333333333 0.32537688442211055 0.16416666666666666 0.14824120603015076
12 0.5370833333333334 0.7525125628140703 0.10083333333333333 0.2185929648241206
5 0.8033333333333333 0.7474874371859297 0.25 0.25125628140703515
4 0.4083333333333333 0.7217336683417085 0.20666666666666667 0.1444723618090452
4 0.12625 0.5370603015075377 0.20583333333333334 0.18216080402010051
6 0.6179166666666667 0.1815326633165829 0.15916666666666668 0.28015075376884424
6 0.6770833333333334 0.20540201005025124 0.12583333333333332 0.30025125628140703
