10 0.275298 0.553199 0.075066 0.093998
10 0.625000 0.455481 0.132275 0.134673
10 0.681713 0.606399 0.077712 0.050099
10 0.750496 0.623388 0.096892 0.141617
10 0.696263 0.345238 0.080357 0.055556
10 0.731316 0.260789 0.161045 0.068700
10 0.129464 0.603299 0.100860 0.113839
10 0.240575 0.647817 0.133929 0.062004
10 0.077050 0.481523 0.042328 0.065228
2 0.133763 0.650298 0.058532 0.046131
1 0.235946 0.686384 0.067791 0.051339
2 0.670139 0.288690 0.055886 0.045139
4 0.911210 0.552331 0.083003 0.066964
