8 0.7233333333333334 0.7091708542713567 0.05 0.09170854271356783
11 0.55625 0.5923366834170855 0.07916666666666666 0.13190954773869346
2 0.41 0.3278894472361809 0.08333333333333333 0.11055276381909548
10 0.6366666666666667 0.6840452261306532 0.065 0.14698492462311558
0 0.5220833333333333 0.7738693467336684 0.18583333333333332 0.17587939698492464
1 0.24208333333333334 0.7003768844221105 0.11083333333333334 0.15452261306532664
9 0.57375 0.47613065326633164 0.13083333333333333 0.10552763819095477
3 0.6541666666666667 0.6105527638190955 0.185 0.11055276381909548
7 0.8095833333333333 0.6149497487437185 0.13916666666666666 0.13693467336683418
12 0.6179166666666667 0.2701005025125628 0.17083333333333334 0.15577889447236182
5 0.47875 0.4082914572864322 0.2975 0.07788944723618091
4 0.7470833333333333 0.45540201005025127 0.21083333333333334 0.14195979899497488
6 0.18916666666666668 0.6369346733668342 0.195 0.2663316582914573
