8 0.41541666666666666 0.7952261306532663 0.05583333333333333 0.07537688442211055
11 0.7729166666666667 0.5282663316582915 0.09416666666666666 0.1444723618090452
10 0.36541666666666667 0.7317839195979899 0.11416666666666667 0.10175879396984924
0 0.6233333333333333 0.6551507537688442 0.145 0.25251256281407036
1 0.63875 0.43027638190954776 0.09083333333333334 0.1670854271356784
9 0.47375 0.6859296482412061 0.1025 0.18090452261306533
3 0.5308333333333334 0.667713567839196 0.175 0.14698492462311558
7 0.6625 0.5276381909547738 0.14 0.15326633165829145
12 0.5583333333333333 0.46608040201005024 0.12166666666666667 0.1658291457286432
5 0.5045833333333334 0.574748743718593 0.22083333333333333 0.2550251256281407
4 0.5216666666666666 0.3630653266331658 0.18666666666666668 0.27386934673366836
6 0.5629166666666666 0.19283919597989949 0.21583333333333332 0.22989949748743718
