11 0.20833333333333334 0.8253768844221105 0.09666666666666666 0.12814070351758794
11 0.52875 0.6934673366834171 0.0825 0.11809045226130653
2 0.48833333333333334 0.5760050251256281 0.055 0.10175879396984924
2 0.29041666666666666 0.9597989949748744 0.08083333333333333 0.07788944723618091
10 0.67625 0.6224874371859297 0.06916666666666667 0.15201005025125627
10 0.5925 0.6180904522613065 0.06166666666666667 0.14824120603015076
0 0.44708333333333333 0.6199748743718593 0.11916666666666667 0.30527638190954776
1 0.5604166666666667 0.37248743718592964 0.10083333333333333 0.13693467336683418
1 0.54625 0.5138190954773869 0.1025 0.12814070351758794
9 0.8691666666666666 0.49183417085427134 0.13 0.114321608040201
9 0.39916666666666667 0.7003768844221105 0.12 0.14949748743718594
3 0.5908333333333333 0.6928391959798995 0.13333333333333333 0.20979899497487436
3 0.805 0.5678391959798995 0.18333333333333332 0.08793969849246232
7 0.65625 0.46796482412060303 0.08416666666666667 0.19472361809045227
7 0.5004166666666666 0.12876884422110552 0.13583333333333333 0.157035175879397
12 0.6529166666666667 0.09296482412060302 0.13083333333333333 0.17587939698492464
12 0.7595833333333334 0.7506281407035176 0.16083333333333333 0.16959798994974876
5 0.6475 0.19095477386934673 0.25333333333333335 0.22613065326633167
5 0.6491666666666667 0.6834170854271356 0.09666666666666666 0.36683417085427134
4 0.64625 0.3592964824120603 0.2075 0.135678391959799
4 0.71 0.2562814070351759 0.19666666666666666 0.10552763819095477
6 0.44625 0.2550251256281407 0.21416666666666667 0.1306532663316583
6 0.47458333333333336 0.43655778894472363 0.10416666666666667 0.292713567839196
