8 0.68 0.8536432160804021 0.06833333333333333 0.0942211055276382
11 0.7175 0.782035175879397 0.08166666666666667 0.12437185929648241
2 0.61125 0.41959798994974873 0.06916666666666667 0.09798994974874371
10 0.6104166666666667 0.7581658291457286 0.1025 0.09170854271356783
0 0.7283333333333334 0.571608040201005 0.13666666666666666 0.2964824120603015
1 0.41458333333333336 0.6407035175879398 0.11416666666666667 0.1708542713567839
9 0.6325 0.510678391959799 0.125 0.13442211055276382
3 0.6895833333333333 0.3071608040201005 0.0875 0.2650753768844221
7 0.5079166666666667 0.2198492462311558 0.13583333333333333 0.11055276381909548
12 0.40166666666666667 0.3574120603015075 0.13333333333333333 0.23241206030150754
5 0.54 0.42273869346733667 0.17333333333333334 0.34045226130653267
4 0.46125 0.3479899497487437 0.1775 0.1984924623115578
6 0.19208333333333333 0.5345477386934674 0.2325 0.22236180904522612
