8 0.6279166666666667 0.06909547738693467 0.05583333333333333 0.08040201005025126
8 0.6554166666666666 0.8222361809045227 0.049166666666666664 0.08165829145728644
11 0.6833333333333333 0.7349246231155779 0.07333333333333333 0.11306532663316583
11 0.835 0.8994974874371859 0.08333333333333333 0.1306532663316583
2 0.20625 0.6507537688442211 0.06916666666666667 0.11055276381909548
2 0.38958333333333334 0.07349246231155779 0.07083333333333333 0.10427135678391959
10 0.7266666666666667 0.7198492462311558 0.056666666666666664 0.14824120603015076
10 0.24 0.24874371859296482 0.07833333333333334 0.1407035175879397
0 0.6079166666666667 0.5452261306532663 0.2125 0.06532663316582915
0 0.48375 0.8040201005025126 0.2125 0.10050251256281408
1 0.2525 0.10238693467336683 0.11 0.1620603015075377
1 0.44375 0.7041457286432161 0.1125 0.157035175879397
9 0.7525 0.46984924623115576 0.07833333333333334 0.19095477386934673
9 0.8920833333333333 0.24057788944723618 0.09916666666666667 0.20477386934673367
3 0.7716666666666666 0.6275125628140703 0.17833333333333334 0.059045226130653265
3 0.4454166666666667 0.8335427135678392 0.18916666666666668 0.06909547738693467
7 0.6475 0.46796482412060303 0.14 0.10427135678391959
7 0.16458333333333333 0.314070351758794 0.1425 0.16331658291457288
12 0.5079166666666667 0.4993718592964824 0.17416666666666666 0.14698492462311558
12 0.42333333333333334 0.5797738693467337 0.16333333333333333 0.1771356783919598
5 0.4675 0.40766331658291455 0.225 0.07412060301507538
5 0.19875 0.5232412060301508 0.22583333333333333 0.25753768844221103
4 0.4379166666666667 0.3341708542713568 0.20416666666666666 0.1306532663316583
4 0.2970833333333333 0.6136934673366834 0.12916666666666668 0.30025125628140703
6 0.78 0.18530150753768845 0.16166666666666665 0.2701005025125628
6 0.5845833333333333 0.664572864321608 0.2025 0.12311557788944724
