8 0.25916666666666666 0.4899497487437186 0.051666666666666666 0.07788944723618091
8 0.24166666666666667 0.8272613065326633 0.056666666666666664 0.07914572864321608
11 0.355 0.9579145728643216 0.08 0.08165829145728644
11 0.3179166666666667 0.271356783919598 0.0875 0.12814070351758794
2 0.24541666666666667 0.5634422110552764 0.0575 0.09673366834170855
2 0.195 0.7876884422110553 0.06833333333333333 0.10301507537688442
10 0.20958333333333334 0.6702261306532663 0.07583333333333334 0.14195979899497488
10 0.7916666666666666 0.667713567839196 0.095 0.12185929648241206
0 0.4970833333333333 0.4842964824120603 0.19083333333333333 0.20728643216080403
0 0.8833333333333333 0.6708542713567839 0.155 0.3065326633165829
1 0.5333333333333333 0.3178391959798995 0.10166666666666667 0.15326633165829145
1 0.6775 0.6652010050251256 0.11 0.157035175879397
9 0.7216666666666667 0.532035175879397 0.06166666666666667 0.1771356783919598
9 0.6916666666666667 0.3863065326633166 0.12 0.12185929648241206
3 0.80625 0.5646984924623115 0.10083333333333333 0.25
3 0.45916666666666667 0.45979899497487436 0.15833333333333333 0.14321608040201006
7 0.6041666666666666 0.6476130653266332 0.055 0.24246231155778894
7 0.7204166666666667 0.7669597989949749 0.1625 0.13190954773869346
12 0.5620833333333334 0.24246231155778894 0.14916666666666667 0.17839195979899497
12 0.6483333333333333 0.3103015075376884 0.15833333333333333 0.21105527638190955
5 0.3566666666666667 0.7543969849246231 0.095 0.37814070351758794
4 0.57875 0.5439698492462312 0.18416666666666667 0.228643216080402
4 0.2945833333333333 0.6011306532663316 0.10916666666666666 0.3027638190954774
6 0.3516666666666667 0.4792713567839196 0.07833333333333334 0.3203517587939699
6 0.57125 0.10678391959798995 0.1425 0.21105527638190955
