8 0.17083333333333334 0.34045226130653267 0.05333333333333334 0.07537688442211055
11 0.7983333333333333 0.2933417085427136 0.08333333333333333 0.12939698492462312
11 0.37125 0.05402010050251256 0.0875 0.10552763819095477
2 0.6308333333333334 0.9296482412060302 0.06833333333333333 0.10301507537688442
2 0.7291666666666666 0.8963567839195979 0.075 0.10427135678391959
10 0.145 0.6067839195979899 0.085 0.1407035175879397
0 0.2970833333333333 0.4692211055276382 0.11916666666666667 0.3128140703517588
1 0.3675 0.2556532663316583 0.10333333333333333 0.15954773869346733
1 0.5358333333333334 0.9309045226130653 0.10666666666666667 0.135678391959799
9 0.19 0.6532663316582915 0.12833333333333333 0.15326633165829145
9 0.5091666666666667 0.7405778894472361 0.06666666666666667 0.20477386934673367
3 0.5104166666666666 0.17964824120603015 0.17916666666666667 0.16834170854271358
3 0.21916666666666668 0.6991206030150754 0.17833333333333334 0.16959798994974876
7 0.7291666666666666 0.7788944723618091 0.14333333333333334 0.1306532663316583
7 0.50375 0.27826633165829145 0.07083333333333333 0.22236180904522612
12 0.5320833333333334 0.4321608040201005 0.14583333333333334 0.1658291457286432
12 0.4166666666666667 0.45037688442211055 0.11 0.22989949748743718
5 0.6454166666666666 0.6199748743718593 0.2675 0.07160804020100503
5 0.4683333333333333 0.625 0.17 0.2876884422110553
4 0.6220833333333333 0.2613065326633166 0.20583333333333334 0.2185929648241206
6 0.14666666666666667 0.48743718592964824 0.18666666666666668 0.23115577889447236
6 0.8858333333333334 0.4748743718592965 0.095 0.3592964824120603
