8 0.9008333333333334 0.435929648241206 0.056666666666666664 0.09798994974874371
8 0.27875 0.3479899497487437 0.0575 0.07788944723618091
11 0.16708333333333333 0.310929648241206 0.08416666666666667 0.11180904522613065
11 0.6720833333333334 0.657035175879397 0.07416666666666667 0.10301507537688442
2 0.8266666666666667 0.8234924623115578 0.08333333333333333 0.10678391959798995
2 0.8970833333333333 0.8410804020100503 0.0875 0.12939698492462312
10 0.8695833333333334 0.6162060301507538 0.05416666666666667 0.14949748743718594
10 0.1825 0.6080402010050251 0.10666666666666667 0.10050251256281408
0 0.45458333333333334 0.40326633165829145 0.16916666666666666 0.25125628140703515
0 0.9270833333333334 0.5998743718592965 0.14083333333333334 0.27261306532663315
1 0.6245833333333334 0.3944723618090452 0.1025 0.1507537688442211
1 0.775 0.5508793969849246 0.10666666666666667 0.1620603015075377
9 0.495 0.5295226130653267 0.12166666666666667 0.114321608040201
9 0.5304166666666666 0.3850502512562814 0.10583333333333333 0.16959798994974876
3 0.5375 0.6733668341708543 0.155 0.19597989949748743
3 0.5970833333333333 0.4956030150753769 0.1825 0.06909547738693467
7 0.62 0.5571608040201005 0.14833333333333334 0.0992462311557789
7 0.58625 0.21042713567839197 0.10916666666666666 0.19472361809045227
12 0.35041666666666665 0.3812814070351759 0.12083333333333333 0.22989949748743718
12 0.22541666666666665 0.5163316582914573 0.17416666666666666 0.16331658291457288
5 0.6908333333333333 0.4239949748743719 0.06833333333333333 0.42336683417085424
4 0.46291666666666664 0.3008793969849246 0.1625 0.22236180904522612
4 0.8841666666666667 0.7267587939698492 0.19833333333333333 0.1670854271356784
6 0.30833333333333335 0.15577889447236182 0.15833333333333333 0.2814070351758794
6 0.16416666666666666 0.40138190954773867 0.21 0.11934673366834171
