8 0.7370833333333333 0.16394472361809045 0.0575 0.10175879396984924
11 0.49333333333333335 0.4371859296482412 0.09166666666666666 0.11809045226130653
2 0.8054166666666667 0.7569095477386935 0.07583333333333334 0.1092964824120603
10 0.62125 0.4126884422110553 0.10416666666666667 0.0992462311557789
0 0.7079166666666666 0.2556532663316583 0.2075 0.20477386934673367
1 0.7179166666666666 0.5489949748743719 0.1075 0.16080402010050251
9 0.7808333333333334 0.6300251256281407 0.08333333333333333 0.18969849246231155
3 0.3770833333333333 0.9064070351758794 0.1325 0.1771356783919598
7 0.5983333333333334 0.7562814070351759 0.10333333333333333 0.24623115577889448
12 0.6554166666666666 0.1444723618090452 0.12416666666666666 0.25125628140703515
5 0.6933333333333334 0.43090452261306533 0.17833333333333334 0.3693467336683417
4 0.5754166666666667 0.6551507537688442 0.11916666666666667 0.29020100502512564
6 0.47541666666666665 0.7537688442211056 0.08416666666666667 0.32914572864321606
