8 0.5908333333333333 0.753140703517588 0.056666666666666664 0.07160804020100503
11 0.6554166666666666 0.7732412060301508 0.08583333333333333 0.1092964824120603
2 0.5966666666666667 0.8278894472361809 0.07 0.09296482412060302
10 0.7479166666666667 0.5332914572864321 0.09916666666666667 0.0942211055276382
0 0.6275 0.6532663316582915 0.17833333333333334 0.18592964824120603
1 0.78 0.696608040201005 0.10333333333333333 0.1721105527638191
9 0.6066666666666667 0.5653266331658291 0.13333333333333333 0.13819095477386933
3 0.6341666666666667 0.4472361809045226 0.15 0.1984924623115578
7 0.7116666666666667 0.6425879396984925 0.14666666666666667 0.1444723618090452
12 0.8654166666666666 0.6243718592964824 0.1575 0.17839195979899497
4 0.6808333333333333 0.4001256281407035 0.2 0.20728643216080403
6 0.43291666666666667 0.8737437185929648 0.16083333333333333 0.25
