8 0.645 0.5508793969849246 0.051666666666666666 0.07663316582914573
11 0.9308333333333333 0.8027638190954773 0.07833333333333334 0.12060301507537688
2 0.73125 0.6670854271356784 0.05583333333333333 0.09296482412060302
10 0.67375 0.5728643216080402 0.07083333333333333 0.1306532663316583
0 0.8158333333333333 0.6363065326633166 0.19166666666666668 0.17462311557788945
1 0.58 0.5540201005025126 0.10166666666666667 0.15829145728643215
9 0.5083333333333333 0.7543969849246231 0.125 0.16959798994974876
3 0.55375 0.8586683417085427 0.19583333333333333 0.07412060301507538
7 0.79875 0.7625628140703518 0.16416666666666666 0.08793969849246232
12 0.6716666666666666 0.3335427135678392 0.10833333333333334 0.2550251256281407
5 0.6754166666666667 0.6652010050251256 0.18916666666666668 0.3278894472361809
4 0.5083333333333333 0.5433417085427136 0.12166666666666667 0.2952261306532663
6 0.5420833333333334 0.39761306532663315 0.20416666666666666 0.21231155778894473
